1 .
11111111. 111

111111 reposuit. ri 111 1111111111 1111. 111 initiamur
1111111, 11111111111 11111.

1,.11

‘ r. 17. 1111111111 1111111 ordiri, 1111111111 1111111111·
111; 1111111111111111111111. vulpium 111 1111.

1. 21. Lernaeas 11 hydras. 11111 1111111111111111111Ι
11. Ω. Ρ. 11, 6. p. 131. 11111. Τ111111.1.1.98.

1. 27. 111111. 111111. 1111111111, quan 1111111111-
1111 11111111. 11111111111111111111, 11 1111111 91111111
11111111111111 1111 1111111111 11111111111111111 Neque
1111111111 1111 11111 quidm, 111 111111 1111111111
11111111 ebibat, 111111

1. 10. protervus. 111111111111. 11111111 111·
guirri 111 operarum 111 1111111111.

1. 31. 11 quod 111111, 111111 111 1111111111 111111 111
111111111111111 111,1111111111111 1111111111111111, qui 1111111
11111111 1111· ignorarent. ’111111 1111111 p. 1111. 11111111.
virg. Aer. 111811 Plin. 111111 111, 11. 1111. 8111, 1, 19.
1111111111, 11. 11111111. 111.

1. 32. Discidium 11111 111111. 111111111 „Nor 11111
111111111111 11111, 111 1111111111.“ 111111111111111111111111
1111111111 11111 confusione r. 1111111. 11 111. XXV, 18. 11111111.
111.11111111111.1,11,1.

1. 35. 111 hyperbato 11. Q.1’.11,r. 1. 11. §· 11. p. 121.

Ceterum componere 1111111 1111 1111111 1111 1111111,
11111 1111111. 1111111111. 11 Ι1111111111, 2, 16. 111 11111
Garuli. LXV, 95. 0111. Fari. 1111111111. 1111111111, 21111. ’
1111111111. 111111. 111, 8. 1111111. 111111. Sti 1, 9, 28.
111111111111111111, quoi 1111 ,,11111111111,“ 111 „orsu
,11111“ 1111111111. Quoi 111111111. (Tracta 11111 mr·-
11111111111 131111σί1111 1111 p. 381.) fleri porro negaret,
11111111 Prop. 1111 110111. Fari. 111, 547. refutatur 111 111
1111111111. 1111111111. 11 1111111. 11.

1. 38. 111 111.“ 11111111111111111 1111111111 11 qua
11111111. 11 inscript. Libr. 1. 1111111111 1111111111111 er·
1111.111111.’111111111111111.111111

· qui 11 1111111111, 1111 1111. 1111. pro 1111 111 11111
saepe 1111 exarari solere 11111. 911111111111111111111,
simillima 11 paene 1111111111 1111111111 11 1111111111 11111
111111, quod 1111 111111 111111 1111111, 1111111.

1. 15. 1111111111 1111111111 1111111111 1111111111
111111111 11 regri 111111. 1111 audet: 1111 tibi 1. 111111 111
111111, 111111. 011111 111111 provocarim 111111, quii

 

